10 100 1 10 1
20 82 2 10 2
30 82 2 10 2
40 57 8 10 8
50 57 8 10 8
60 57 8 10 8
70 48 17 10 17
80 48 17 10 17
90 48 17 10 17
100 48 17 10 17
110 48 17 10 17
120 48 17 10 17
130 48 17 10 17
140 48 17 10 17
150 48 17 10 17
160 48 17 10 17
170 48 17 10 17
180 48 17 10 17
190 48 17 10 17
200 48 17 10 17
210 46 19 10 19
220 46 19 10 19
230 46 19 10 19
240 46 19 10 19
250 44 20 10 20
260 44 20 10 20
270 44 20 10 20
280 44 20 10 20
290 41 23 10 20
300 39 24 10 20
310 39 24 10 20
320 37 25 10 20
330 35 26 10 20
340 33 28 10 20
350 31 29 10 20
360 29 30 10 20
370 29 30 10 20
380 28 32 10 20
390 27 33 10 20
400 26 34 10 20
410 25 36 10 20
420 24 37 10 20
430 24 37 10 20
440 23 1 9 1
450 23 1 2 1
460 23 1 2 1
470 23 1 2 1
480 15 4 2 4
490 12 4 2 4
500 12 1 2 1
510 12 1 2 1
520 12 4 2 4
530 12 5 2 5
540 12 1 3 1
550 12 2 2 2
560 12 1 2 1
570 12 1 2 1
580 12 1 2 1
590 12 1 2 1
600 12 1 3 1
610 12 1 2 1
620 12 2 2 2
630 12 1 2 1
640 12 1 2 1
650 12 4 2 4
660 12 1 2 1
670 12 1 2 1
680 12 4 2 4
690 12 4 2 4
700 12 1 2 1
710 12 4 2 4
720 12 1 2 1
730 12 1 2 1
740 12 4 2 4
750 12 1 2 1
760 12 1 2 1
770 12 2 2 2
780 12 1 2 1
790 12 2 2 2
800 12 4 2 4
810 12 1 2 1
820 12 1 2 1
830 12 4 2 4
840 12 4 2 4
850 12 5 2 5
860 12 1 3 1
870 12 1 2 1
880 12 1 2 1
890 12 1 2 1
900 12 1 2 1
910 12 1 2 1
920 12 4 2 4
930 12 1 2 1
940 12 1 2 1
950 12 1 2 1
960 12 4 2 4
970 12 4 2 4
980 12 1 2 1
990 12 1 2 1
1000 12 1 2 1
1010 12 4 2 4
1020 12 1 2 1
1030 12 2 2 2
1040 12 4 2 4
1050 12 1 2 1
1060 12 1 2 1
1070 12 4 2 4
1080 12 4 2 4
1090 12 1 2 1
1100 12 1 2 1
1110 12 1 2 1
1120 12 4 2 4
1130 12 1 2 1
1140 12 1 2 1
1150 12 2 2 2
1160 12 1 2 1
1170 12 1 2 1
1180 12 1 2 1
1190 12 2 2 2
1200 12 4 2 4
1210 12 1 2 1
1220 12 1 2 1
1230 12 4 2 4
1240 12 4 2 4
1250 12 5 2 5
1260 12 1 2 1
1270 12 2 2 2
1280 12 1 2 1
1290 12 4 2 4
1300 12 1 2 1
1310 12 1 2 1
1320 12 4 2 4
1330 12 1 2 1
1340 12 4 2 4
1350 12 5 2 5
1360 12 6 2 6
1370 12 6 2 6
1380 12 1 2 1
1390 12 1 2 1
1400 12 1 2 1
1410 12 4 2 4
1420 12 4 2 4
1430 12 1 2 1
1440 12 4 2 4
1450 12 5 2 5
1460 12 1 3 1
1470 12 1 3 1
1480 12 1 3 1
1490 12 1 2 1
1500 12 1 2 1
1510 12 1 2 1
1520 12 1 2 1
1530 12 1 2 1
1540 12 4 2 4
1550 12 5 2 5
1560 12 6 2 6
1570 12 6 2 6
1580 12 7 2 7
1590 12 1 2 1
1600 12 1 2 1
1610 12 1 2 1
1620 12 1 2 1
1630 12 6 2 6
1640 12 6 2 6
1650 12 6 2 6
1660 12 1 4 1
1670 12 1 4 1
1680 12 1 2 1
1690 12 1 2 1
1700 12 2 2 2
1710 12 1 2 1
1720 12 1 2 1
1730 12 4 2 4
1740 12 5 2 5
1750 12 5 2 5
1760 12 1 3 1
1770 12 1 3 1
1780 12 1 2 1
1790 12 2 2 2
1800 12 4 2 4
1810 12 1 2 1
1820 12 2 2 2
1830 12 1 2 1
1840 12 2 2 2
1850 12 4 2 4
1860 12 4 2 4
1870 12 1 2 1
1880 12 1 2 1
1890 12 4 2 4
1900 12 1 2 1
1910 12 2 2 2
1920 12 4 2 4
1930 12 1 2 1
1940 12 4 2 4
1950 12 1 2 1
1960 12 1 2 1
1970 12 5 2 5
1980 12 6 2 6
1990 12 7 2 7
2000 12 1 3 1
2010 12 1 2 1
2020 12 1 2 1
2030 12 5 2 5
2040 12 6 2 6
2050 12 6 2 6
2060 12 7 2 7
2070 12 8 4 8
2080 12 1 4 1
2090 12 2 2 2
2100 12 1 2 1
2110 12 1 2 1
2120 12 1 2 1
2130 12 1 2 1
2140 12 2 2 2
2150 12 4 2 4
2160 12 1 2 1
2170 12 1 2 1
2180 12 4 2 4
2190 12 5 2 5
2200 12 1 2 1
2210 12 2 2 2
2220 12 4 2 4
2230 12 1 2 1
2240 12 1 2 1
2250 12 1 2 1
2260 12 1 2 1
2270 12 4 2 4
2280 12 4 2 4
2290 12 1 2 1
2300 12 2 2 2
2310 12 4 2 4
2320 12 1 2 1
2330 12 4 2 4
2340 12 4 2 4
2350 12 1 2 1
2360 12 1 2 1
2370 12 1 2 1
2380 12 1 2 1
2390 12 1 2 1
2400 12 4 2 4
2410 12 1 2 1
2420 12 4 2 4
2430 12 5 2 5
2440 12 3 3 3
2450 12 3 3 3
2460 12 3 3 3
2470 12 6 3 6
2480 12 7 3 7
2490 12 1 3 1
2500 12 1 2 1
2510 12 2 2 2
2520 12 1 2 1
2530 12 4 2 4
2540 12 1 2 1
2550 12 2 2 2
2560 12 4 2 4
2570 12 4 2 4
2580 12 1 2 1
2590 12 4 2 4
2600 12 5 2 5
2610 12 1 2 1
2620 12 2 2 2
2630 12 1 2 1
2640 12 1 2 1
2650 12 1 2 1
2660 12 2 2 2
2670 12 1 2 1
2680 12 2 2 2
2690 12 4 2 4
2700 12 1 2 1
2710 12 2 2 2
2720 12 4 2 4
2730 12 1 2 1
2740 12 1 2 1
2750 13 4 2 4
2760 13 1 2 1
2770 13 2 2 2
2780 13 1 2 1
2790 13 1 2 1
2800 13 1 2 1
2810 13 2 2 2
2820 13 4 2 4
2830 13 1 2 1
2840 13 5 2 5
2850 13 5 2 5
2860 13 7 2 7
2870 13 4 4 4
2880 13 9 4 9
2890 13 4 4 4
2900 13 1 2 1
2910 13 1 2 1
2920 13 5 2 5
2930 13 6 2 6
2940 13 6 2 6
2950 13 1 3 1
2960 13 4 3 4
2970 13 1 2 1
2980 13 1 2 1
2990 13 4 2 4
3000 13 2 2 2
3010 13 4 2 4
3020 13 1 2 1
3030 13 1 2 1
3040 13 4 2 4
3050 13 4 2 4
3060 13 1 2 1
3070 13 4 2 4
3080 13 1 2 1
3090 13 4 2 4
3100 13 1 2 1
3110 13 1 2 1
3120 13 2 2 2
3130 13 1 2 1
3140 13 4 2 4
3150 13 5 2 5
3160 13 1 2 1
3170 13 4 2 4
3180 13 4 2 4
3190 13 1 2 1
3200 13 4 2 4
3210 13 5 2 5
3220 13 3 3 3
3230 13 3 3 3
3240 13 6 3 6
3250 13 7 3 7
3260 13 1 3 1
3270 13 1 2 1
3280 13 1 2 1
3290 13 4 2 4
3300 13 6 2 6
3310 13 6 2 6
3320 13 8 2 8
3330 13 1 2 1
3340 13 1 2 1
3350 13 4 2 4
3360 13 1 2 1
3370 13 1 2 1
3380 13 1 2 1
3390 13 4 2 4
3400 13 4 2 4
3410 13 5 2 5
3420 13 6 2 6
3430 13 1 3 1
3440 13 1 2 1
3450 13 1 2 1
3460 13 1 2 1
3470 13 1 2 1
3480 13 1 2 1
3490 13 7 2 7
3500 13 8 2 8
3510 13 8 2 8
3520 13 9 2 9
3530 13 10 2 10
3540 13 1 5 1
3550 13 1 2 1
3560 13 4 2 4
3570 13 4 2 4
3580 13 5 2 5
3590 13 1 3 1
3600 13 1 3 1
3610 13 2 2 2
3620 13 4 2 4
3630 13 5 2 5
3640 13 5 2 5
3650 13 6 2 6
3660 13 7 2 7
3670 13 1 3 1
3680 13 1 2 1
3690 13 5 2 5
3700 13 5 2 5
3710 13 5 2 5
3720 13 5 2 5
3730 13 1 2 1
